33.93911
41.1533
28.0339
42.5063
-11.2027
17.0608
-38.4161
40.0691
-35.4735
-33.8688
-12.4634
-27.4698
-34.9285
-42.8821
-37.8136
-31.9505
47.5162
40.1431
25.025885
26.0275
23.685
13.1939
53.7098
50.8333
17.1899
9.3077
27.5142
-16.2902
43.9159
-22.3285
-14.235
4.5353
42.7339
12.2383
21.9162
-3.3731
16.5388
11.55
3.848
53.9333
53.7267
0.0
0.0
53.7609
46.5653
53.1355
64.8255
44.682
70.2998
51.2538
46.5107
52.9399
\N
52.9399
64.2823
6.6111
15.4542
-35.6751
31.8257
40.1824
30.0572
26.0789
35.7518
23.3417
23.8298
26.8154
19.1959
39.549
47.862
37.8957
22.3
30.9756
27.6104
44.0935
32.9711
27.614
43.6661
41.2956
22.1667
37.2692
35.7452
35.1917
36.3427
31.202
37.5777
30.6171
39.3054
31.6927
\N
41.1129
24.974
29.1832
4.5709
-11.6455
-0.228
-4.0383
9.7489
7.54
45.1
21.521757
35.1264
49.8175
61.8926
71.7069
56.2639
0.0
11.8251
15.415
18.7357
-1.8312
26.820553
13.7942
1.6508
15.1794
58.5953
-26.5225
9.145
-17.7134
61.92411
3.9339
-17.6797
16.265
14.6415
-12.8275
-20.904305
-21.1151
17.9
46.8852
18.0708
-14.2938
46.2276
-0.8037
13.4432
42.3154
51.165691
7.9465
39.0742
12.1165
15.7835
9.9456
11.8037
4.860416
18.9712
41.9029
15.2
47.1625
64.9631
20.593684
-0.7893
32.427908
33.223191
53.1424
31.046051
41.87194
18.1096
36.204824
31.24
48.0196
-0.0236
35.907757
42.602636
29.31166
41.20438
19.85627
56.8796
33.8547
-29.61
6.428055
26.3351
47.14
55.1694
49.8153
0.0
-18.766947
-13.2543
4.210484
3.2028
17.570692
35.9375
7.1315
21.0079
-20.348404
23.6345
7.4256
47.4116
43.7333
46.8625
42.708678
31.7917
-18.665695
-22.9576
28.1667
12.5211
12.1784
12.1696
18.0425
52.1326
-40.9006
12.865416
17.607789
9.082
41.6086
60.472
21.512583
30.3753
8.538
-6.314993
-23.4425
-9.19
12.879721
51.9194
39.3999
25.3548
45.9432
61.52401
-1.9403
17.357822
13.9094
12.9843
-13.759
43.9424
0.1864
23.885942
14.4974
44.0165
-4.6796
8.460555
1.2833
48.669
46.1512
-9.6457
5.152149
-30.5595
6.877
40.463667
7.873054
12.8628
3.9193
60.128161
46.8182
34.802075
23.7
38.861
-6.369028
15.870032
-8.874217
8.6195
10.6918
33.886917
38.9637
40.0
1.373333
48.3794
23.424076
18.2206
32.3078
18.4207
19.3133
49.3723
-51.7963
36.1408
54.2361
16.742498
-7.9467
21.694
55.3781
-32.5228
41.377491
-15.3767
6.4238
14.058324
31.9522
15.552727
-13.133897
-19.015438
